evolution$generation,growthRate,innovationWeight,gravityDecay,innovationDecay,innovationUtility,innovationUtilityGrowth,earlyAdoptersRate,newInnovationHierarchy,newInnovationPopulationProportion,mselog,logmse,evolution$samples
30000,0.03583311503917299,0.0,19888.7046255881,7641.571174065106,1.0,2.9341798039707916,0.2790951894541637,4.684633980081263,0.9,24970.701048323474,28.422581758505405,65
30000,0.048708603437985824,0.017270361118017875,6628.559685163533,5825.4061699378135,2.3456769347092927,1.2877501800857138,0.2277528192478252,4.300982305884022,0.4057488632295062,24204.102775494157,56.228827420407086,64
30000,0.04893197472268046,0.0205572992420743,346.13709493688947,0.1,2.967787709948204,1.0,0.02446354083850175,0.23568034595036189,0.29789127798920845,22903.9375366379,35.62758835984145,1
30000,0.04895184593700588,0.0,19801.538788927577,2179.1516896674816,1.089164826122618,1.6080107823037566,0.21220357833096892,0.4480850718819427,0.5623604704267949,23725.24466832397,30.9028898061866,1
30000,0.0489328019629619,0.020356661420570896,313.7334803183753,0.1,2.9858636851554063,1.021675378316847,0.018547449321693433,0.23536100550135775,0.2849086165837499,23239.514416482427,39.17518142874091,2
30000,0.049365686211004255,0.001551338848475934,3263.207608743536,0.1,3.0,1.0145889091504694,0.1706050765339382,0.1,0.36770828829314073,23440.7873584655,30.967972586338412,1
30000,0.04995729982826289,0.0,17816.238862645194,0.1,1.5018900048465436,1.71743139076382,0.2858162787302762,0.1403536314107121,0.5123720432427417,23638.865517115282,31.05864517530892,15
30000,0.04936580828004102,0.0017664725674713016,2418.6042616379104,0.1,3.0,1.013923607426108,0.16995872517785157,0.1,0.3861405240707735,23357.687497379302,30.967991553395894,1
30000,0.038380670193014076,0.0,19723.366573763986,5888.236778689721,1.167509996135119,3.0,0.29742925381249885,5.0,0.8187072708168713,24710.472107022564,28.708066675886435,48
30000,0.04223605647589008,2.07204065951819E-9,18183.755511332933,14043.803135789864,1.0017740408934526,1.0,0.3861442687323473,4.811311804523153,0.1134913734555447,24334.13464169496,29.605441086941042,43
30000,0.040401163435309285,0.0,19391.299718885413,4495.719729405991,2.42564350591856,2.489407464804602,0.10834099266601813,3.7950506973092146,0.3434382823533545,24510.688185582898,29.16855681401099,38
30000,0.04397058872211144,0.0,16914.854775032287,4.848156903515537,1.0,3.0,0.2642690361287062,4.992994178299459,0.7156335595312661,24171.372633962514,29.98955467601521,48
30000,0.036040568305317454,0.004462489181117597,19492.65372161818,0.1,1.1680284895821118,1.3761302965796554,0.1073487315795245,0.1,0.5432060667855517,24128.417824344247,28.424662957276194,1
30000,0.03995811755686149,5.527033768582421E-7,19804.654239325886,19778.30091736059,1.2014610298347677,1.0412755612575844,0.4391794188019067,4.998522943409903,0.4610660118294606,24554.00908808845,29.067464427816244,50
30000,0.04256562548170942,0.0,20000.0,6063.443014586456,2.287934840923885,2.885995803662239,0.03716287804177117,4.1563765905095815,0.21186669974475825,24302.903685168894,29.6810641542904,45
30000,0.03805325297776216,0.0,20000.0,2988.1939266107934,1.0,3.0,0.3534935367438389,5.0,0.6467664856154526,24743.38982442371,28.64509446212913,5
30000,0.037054779829714224,0.0,17903.455458580935,18079.133306034968,1.0,2.4928100749583924,0.26789976659999915,4.706891750686792,0.8330998729332493,24844.727552174587,28.493868338540693,41
30000,0.04186946989681857,0.0,1111.3756862789314,2163.14903835012,3.0,1.403254908962589,0.288952851984667,2.897497486041178,0.5027293871214624,24369.043834262975,29.519989407388397,36
30000,0.03954951817733385,0.0,20000.0,6999.600744621016,1.2491253179808295,3.0,0.5,4.597346941257331,0.9,24594.20068204208,28.965292360138175,42
30000,0.039887557746547786,0.0,4755.392731482744,12830.966423802422,1.0,1.0,0.5,5.0,0.1,24560.93192438977,29.045227854389303,8
30000,0.044973695069955966,0.0,18342.408703479738,17814.441618254787,1.0542873230686238,1.0305261314353324,0.45368302173644004,4.979346391175997,0.5034006422291328,24079.0318819678,30.195285397071828,4
30000,0.04531633810668158,0.0,17815.30791659358,20000.0,1.0,1.0,0.4279651654467959,4.891300204315168,0.3933774581271663,24047.78483607673,30.262822391233755,36
30000,0.03872116350095239,0.0,20000.0,6764.47482637344,1.0641392318923588,3.0,0.280179747640013,4.967235288623884,0.8136110974825799,24676.40199075111,28.778635927843204,4
30000,0.04153012750087536,0.0,19006.281848437433,15563.909685709703,1.095110573346406,1.0136744006558014,0.46858774891642324,4.999988182165259,0.557860653546136,24401.51949086939,29.439832560247563,5
30000,0.04092601454552534,0.0,18221.693162676565,12975.781823092577,1.000356639429506,1.0,0.36385597850705304,4.99133272672577,0.47954174808745564,24459.719747895757,29.29519646173037,42
30000,0.04564724096567266,0.0,3421.45871899453,60.88018457513191,2.991344965444796,1.4461536078752102,0.31964799327406307,1.503294830240695,0.5584859479168576,24017.749627872476,30.32676113040357,4
30000,0.03924112145126463,0.0,20000.0,6961.920475168802,1.1235782567035313,2.9304329397057867,0.30999047937860424,4.396167723465074,0.9,24624.69142210663,28.89389744644238,4
30000,0.03897462509271757,0.0,11728.682283601827,362.93084191981876,3.0,1.2949415455938553,0.4688822794872267,0.1,0.32090965370374125,24651.14718047275,28.833866789385358,24
30000,0.04334058078538397,0.0,16896.809453269445,16306.865554771946,1.0359003090848546,1.0261056263830715,0.4100571193966098,4.999955479750122,0.46425325462914036,24230.033220096684,29.85412529412424,38
30000,0.04381689452323372,0.0,253.9075187322881,1834.4763597968893,1.218077201383935,1.275383061655716,0.16424380140919922,0.9315768843137553,0.40821207182898955,24185.635585650092,29.95695943817227,44
30000,0.036783601533454086,0.0,12809.438272304344,15649.558523578467,1.2610715353526376,3.0,0.4997852078832416,0.730126628754042,0.205776201258708,24872.50053844797,28.466092939294242,32
30000,0.03758940750127985,0.0,8806.57992535737,20000.0,1.6719940011233696,2.4886544462943174,0.5,0.1,0.2834217311162791,24790.287273633152,28.56619735191635,23
30000,0.04306437489009086,0.0,2720.673587815383,0.1,1.0119175178306568,1.2383546400735868,0.25616861206531866,0.1,0.48620711446576503,24255.9146013134,29.793246054295196,43
30000,0.044699508173651196,0.0,17611.260137218113,14634.282022141932,1.0362588301767444,1.0,0.4383344596568812,4.986548323389952,0.49303809863770964,24104.143844812283,30.14024854081312,55
30000,0.037790876245453436,0.0,19068.95313761786,18625.8931472031,1.0180595323736665,2.3615638014044262,0.30987649545473056,4.349493444736098,0.8118592792073621,24769.879530913895,28.5988189021393,31
30000,0.03747262865788859,0.0,12040.282692165789,19949.9132942005,1.6872787151904174,2.4377859820401824,0.5,0.1,0.1491593938177414,24802.143239836092,28.54855733717491,5
30000,0.0411644087315727,0.0,18109.43533519476,13922.791588486409,1.0000503819953988,1.0453288451309937,0.4699814859778325,5.0,0.42547512098475926,24436.693623050927,29.35250624038873,53
30000,0.03610806054680487,0.0,665.980568531365,985.5226974334354,2.524202628644276,1.1683577650396253,0.4535197065069312,2.0594710665120273,0.4506336008743218,24942.157150670424,28.426243188029545,39
30000,0.03577095368107659,0.004833888359223902,18482.343409454785,0.1,1.0,1.3849288258153838,0.10692673798163968,0.1,0.5456824574795908,24420.951057567367,28.42275792577566,3
30000,0.036292732790421216,0.0,19339.297637594398,10047.986631104783,1.0459753073138018,2.8559349146365607,0.2759903965678074,4.622377331182429,0.8332122080453569,24923.048183166848,28.432820489363493,5
30000,0.03658464133536362,0.0,19457.095091454983,6454.817142114058,1.0663505905400996,2.8941183348773554,0.3154948632478154,4.356917457735885,0.762948828873203,24892.945849099142,28.449891102862438,35
30000,0.03790097275674778,0.0,2771.7392645609048,989.1457106217802,2.874746274736042,1.4085385745998251,0.4996000781519592,1.7034695648701579,0.46954786356262046,24758.752064069748,28.617741399891216,32
30000,0.0427635630368311,0.0,20000.0,6037.90710906362,2.248989123646389,2.893836091683297,0.01,4.072242630831201,0.2560331088895776,24284.215874233065,29.725925067856174,38
30000,0.04342051295744982,0.0,16811.306889586685,16356.49068111416,1.0366316580769563,1.0,0.40595958675431343,5.0,0.4576016701849064,24222.561983692194,29.871573501004647,40
30000,0.040787429618327056,0.0,18135.52382264742,13283.701390289722,1.0,1.0791609826742026,0.4653167457271872,5.0,0.4207751248153716,24473.14109068015,29.26178916735897,31
30000,0.041710063425567614,6.011118578694845E-10,19720.932644057524,6167.602991437586,2.4258953200436584,2.6020171514356987,0.01,3.9926621804039555,0.24559337612884746,24384.279994336794,29.482459297254138,6
30000,0.040597021882686525,3.8086341482797915E-9,18011.903740655827,16252.85949853505,1.165311807967002,1.0,0.4168833608782451,5.0,0.46390912684373264,24491.62412956484,29.21586906048879,4
30000,0.03721986010219241,6.79165366956333E-8,19602.96011991635,5119.281282318257,1.0,2.0359928117255714,0.2860901624960945,3.0659529182432226,0.9,24827.87335738455,28.514259470687414,39
30000,0.04513240749645436,0.0,6273.167446159091,695.4995754389698,3.0,1.350376244372089,0.42226687750381653,1.6371727076333542,0.45075136634810586,24064.539687086068,30.226738585388205,32
30000,0.039466451400366975,0.0,18860.666156814343,8684.169573603247,1.0660197726449088,2.993191766534731,0.2959357932996739,4.2560915599055305,0.8176543886204374,24602.400260778617,28.945892467063192,18
30000,0.042845891209698526,0.0,19993.658583346412,820.9750201251741,1.0,2.7811876738890184,0.26609079789415374,5.0,0.6527403406860752,24276.45832385298,29.744453748117184,31
30000,0.035794250666427115,0.0028945929089602388,20000.0,0.1,1.1624144034171544,1.3063319138242626,0.06883197019340483,0.23787533501728889,0.48651240523174233,24616.958509050302,28.422648260948645,1
30000,0.036475617155457,0.0,19591.140182652744,7190.339196386269,1.2285750369111483,3.0,0.2835310122230122,5.0,0.9,24904.173975436468,28.44256961501717,31
30000,0.043000593666425224,0.0,16686.26108029951,6160.470173799231,2.217576950822164,2.935143549221184,0.022402991410243385,4.139416116205543,0.24835526052506313,24261.905359474626,29.779059734812183,32
30000,0.03673766928792807,0.0,20000.0,6513.164674655699,1.0031352077309688,2.8420710571786927,0.2768932889513633,4.930148733808567,0.9,24877.215407752265,28.462031591185987,29
30000,0.03637936190861154,0.0,2130.5224735609686,485.03057049119565,2.6575129416274,1.2952854127541613,0.46898660422117355,1.7689703012859517,0.397802346620703,24914.10163923335,28.437039908439555,4
30000,0.04951484169677405,0.0,19076.52797080934,5761.89032634925,1.3795321160177445,2.83560172928542,0.3227895666272347,3.9827556545477805,0.7185914521506093,23676.73004775861,30.991090541183652,5
30000,0.04065937979855806,0.0,19931.048296010165,18495.1349942853,1.2149749555333793,1.08255684533041,0.43598891357943215,5.0,0.4813821754772253,24485.565513499638,29.230886759423264,34
30000,0.04968687662019172,0.0,3208.892928573163,9800.185369566354,1.0159391741057533,1.1024606930227392,0.44493617758557413,4.676375183579809,0.6858117913199135,23661.980299432715,31.01753672208959,11
30000,0.044544697899280006,0.0,48.566490078089316,2125.0546320480385,2.7751570095797886,1.6257549385380825,0.28291605304722994,1.2295214245803767,0.6026436524051016,24118.36493972006,30.10877883876962,40
30000,0.045224234046187056,0.0,2438.511317021061,1507.0523622498254,1.2582953450711676,1.1298059884798606,0.1974001150513735,0.3331163836790243,0.5956612397785243,24056.169535155055,30.244802279415232,40
30000,0.041234832894407145,0.0,18561.443192958926,14231.551330489601,1.0082097413856153,1.0,0.4798351981297315,5.0,0.5716069983645081,24429.90626049752,29.36938522849034,36
30000,0.04179315389679428,2.1081971623474794E-9,18547.359946189143,20000.0,2.0993714048949563,1.0,0.11130319974402204,5.0,0.11013996966376505,24376.333902821727,29.502066092245443,34
30000,0.05,8.113464190061055E-4,969.7892070871155,0.1,2.9031403310384416,1.0016512130521147,0.03159131888322299,0.2998140581448317,0.279487892683848,23648.952527238107,31.116260642820166,37
30000,0.04462619042035537,0.0,0.1,2290.5705259654164,2.7388869320831186,1.63314894345107,0.2905018582739102,1.1644643097486962,0.6027743840041067,24110.87508995214,30.125380289087328,35
30000,0.03601577810943878,0.0,7579.323913029121,6333.376825334498,1.0,2.55897393496827,0.24601826347272815,4.61571933433634,0.762154746823899,24951.72505006192,28.424196165068384,20
30000,0.046914889116181274,0.0,20000.0,17240.665177977382,2.987491061315354,1.9720865340930973,0.12408336339900791,0.1,0.31923586403110593,23903.958447791974,30.560561036755974,3
30000,0.0463927658515707,0.0,20000.0,14360.032880449766,1.2516036858105382,1.0679202337469136,0.09180802492015969,1.467589251719282,0.4334286342760685,23950.58464768481,30.466342323401825,10
30000,0.039237126305806905,0.006715180051503321,20000.0,0.1,1.0,1.4599939542261187,0.11519752911971298,0.1,0.4601385354546371,24011.63073448247,28.892972845565883,3
30000,0.04684542301884692,0.0,5060.626038120453,1259.5406405716976,2.7377678091770794,1.4146391964642495,0.4322740807606689,2.0078615022385584,0.4647793425938934,23910.142389597233,30.548188002900126,5
30000,0.038903871049162715,8.323892935505127E-12,18629.33509104229,5754.48222151555,2.2296880664161076,2.9711127126910792,0.011279688334503386,3.8719999760948562,0.1406022295343148,24658.18793987964,28.81824794782666,29
30000,0.04990832052590344,0.0,18996.472600552086,6526.613021738084,1.298695443229814,2.7936564145127725,0.31960482626726905,3.887434680209647,0.7182268411820036,23643.045712986073,31.051240959765163,6
30000,0.04699222932616146,0.0,19501.30333411211,16665.095952810294,1.5485540211536342,1.3667730730693113,0.1257843968407103,0.1,0.33403888791494574,23897.08054778183,30.57427900044859,6
30000,0.046110564245214126,0.0,2771.049915688897,649.7518211245249,3.0,1.0,0.11786833575403945,0.1,0.19034174590159536,23975.926613837906,30.414221137066193,2
30000,0.03881695202049118,0.0,18886.818434639183,6181.1710702369155,1.1724051954980608,2.826966193908376,0.2886775339695501,4.911878821736462,0.8153499346240544,24666.84697195205,28.79926806594741,23
30000,0.04618104756314585,0.0,3016.3862941489097,469.70201646355076,3.0,1.0,0.13075894672801577,0.11578682909887755,0.1900661890643382,23969.58783602311,30.427319385574616,6
30000,0.04662376321186845,8.637410275587594E-10,7851.757129306481,15862.770386408849,1.4038765670329851,1.382246448369471,0.10162832111094187,3.083893235571516,0.1,23929.91465850691,30.508381921276975,10
30000,0.046466723688688844,0.0,5180.312615607301,477.6082798148427,3.0,1.4639715890072844,0.27516315646818035,1.30138178299028,0.5616286378209928,23943.959573662978,30.479861260201645,3
30000,0.045781150071263654,0.0,867.8463103884754,2578.7082772805047,2.99362000870547,2.965751023341568,0.31192134764791746,1.450452213251248,0.5642149439554216,24005.634295694523,30.352283515645222,8
30000,0.03876325445753439,7.984842331379505E-12,18588.59888750367,5703.891580463993,2.226900588923111,3.0,0.01,4.134093936294655,0.13037846773422754,24672.201766119302,28.787663934662124,26
30000,0.04978879689834992,0.0,2797.4536742362375,9773.831091047885,1.0069778974580785,1.0510575638176731,0.46799910062486094,5.0,0.6254525229961396,23653.258427824156,31.03309594831738,3
30000,0.046324085170719016,0.0,9164.15681369728,18723.96429014772,1.0116556539331947,1.0,0.07419653047219157,1.3694733679123317,0.1,23956.743094253212,30.45373599686225,2
30000,0.045907936669776064,0.0,4770.353442047623,0.1,1.3974678261142341,1.112437271123228,0.05836882123454656,1.452845478157202,0.503670198340778,23994.184144660023,30.376264008907018,2
30000,0.04972972731367233,0.0,3150.4988000741378,9570.842262770379,1.0111270590676993,1.0512251498525067,0.4564223356954907,5.0,0.6241728706224526,23658.31184238962,31.02408811045459,6
30000,0.038860863160093344,8.52744287433175E-12,18614.295560988412,6750.283105580564,2.214749047502345,2.893641808662248,0.01,3.9550155074849447,0.1070977055065492,24662.471128099824,28.80882713877598,25
30000,0.04669175512858253,7.738020221112296E-10,7836.8421812903025,15814.331328570745,1.4163338740083509,1.0,0.12367537916448079,2.9807491869150957,0.1,23923.843249465557,30.520647153712908,2
30000,0.046720661260546956,0.0,6511.9840462138,451.66905618747995,3.0,1.7185498602269464,0.25837987871301693,1.4933581853170153,0.7931983872838394,23921.263775728916,30.5258420300493,2
30000,0.04595292437424404,0.0,4076.4120823554863,0.1,2.8712412780501837,3.0,0.14439075443837196,2.091437123802093,0.5447884567661975,23990.126135627594,30.3847302342509,2
30000,0.04585438190166469,0.0,17743.0950078396,20000.0,1.0,1.0,0.4230558358367441,5.0,0.3997586619674509,23999.01823577468,30.36615639206916,3
30000,0.04946925765620695,0.0,10827.913403185818,16523.790938683695,1.0617601545737714,1.033494817835963,0.21024984668728686,0.1,0.10600134638791646,23680.64414258718,30.984044135600495,9
30000,0.04942558079813785,6.18388944159349E-11,17541.714287463146,20000.0,1.0,1.1451603770454226,0.4796247595262158,4.999999999999999,0.46503868148702165,23684.396782579395,30.977277456892942,4
30000,0.04654411698474879,0.0,695.9314848047292,3692.5107587122607,1.0,1.7107099047156853,0.12580671542247274,3.0357065216075356,0.4499047212640117,23937.034033593543,30.493946368280284,7
30000,0.04658317732120928,8.750440384029143E-10,571.8979389537446,3719.7019184069895,1.0,1.460100404662637,0.12685525003578785,3.0236291458362063,0.4378100151785743,23933.541548334582,30.501038492717555,8
30000,0.04938041576529211,0.0,3788.0442160769453,0.1,2.7318244370366656,1.6856381206562139,0.10283471970324676,2.013957293966188,0.6695739344927801,23688.27965775682,30.970263515942317,12
30000,0.046218668312875515,0.0,0.1,0.1,3.0,2.9622547537861563,0.2882812426628044,1.6043199136848139,0.5821633457437095,23966.207028184763,30.434288626518658,4
30000,0.045820114727653134,0.0,3146.83375762863,779.6308761467837,2.824823498185958,1.4687095954516336,0.31643136340543326,1.3425128194754052,0.5649743370210671,24002.113232180818,30.3596723202875,4
30000,0.0462549525328998,0.0,19670.26604128738,12338.145825585018,1.226439676896524,1.35380776818462,0.07887708460025482,2.018896741010055,0.42288390389968444,23962.94800162719,30.440995826054337,4
30000,0.035903033740778904,0.0,19676.147791516854,7668.641521474827,1.0530283147905273,2.9241869328245387,0.27937530282421447,4.7700060173583605,0.898092453271643,24963.43165241067,28.42281777285189,8
30000,0.03597843513336319,0.0,20000.0,8097.059432988801,1.0059904666704191,2.8861864831352975,0.2756417480830712,4.789751914894679,0.8854037401753632,24955.600392269793,28.423602965883372,9
30000,0.04782114126241838,0.0,3437.9587843151844,4064.038609968017,2.223096535916623,1.6232767832237152,0.2544865380987537,0.4643198434448562,0.46956828581658017,23823.82589064999,30.717607066309323,4
30000,0.04761410995117121,0.0,17376.21383929099,19796.34992496096,1.1198724726498825,1.1515258030192057,0.5,5.0,0.34612625994851154,23842.043491804136,30.682429059692534,5
30000,0.04765108894126804,0.0,13444.231913731113,0.1,1.0526972776257646,1.163699667480687,0.4005642300206068,4.889001495882497,0.4873835494428539,23838.785717772076,30.68874205001243,4
30000,0.047476426009683256,0.0,1299.9402875307123,49.55779699002927,2.5117168207474005,1.5672680674319195,0.33114853126271754,0.8671821528974801,0.435922386307957,23854.187838954458,30.658809233560635,7
30000,0.04757955454643563,0.0,18407.858984508348,15347.881859195231,1.5831634125382217,1.3629419571894683,0.12852847778118365,0.12666051085941768,0.2690546208533733,23845.089260056546,30.6765180727155,6
30000,0.046290674885907344,0.0,6026.09952987657,407.1186356997666,3.0,1.434628835250514,0.27505212270006085,1.3348656015784854,0.5602544222881874,23959.74104577377,30.44758534512126,2
30000,0.04825464694054177,5.733631077553132E-10,4531.86273707741,15632.38241265057,1.3704612177426854,1.0664150030192643,0.023553862279313588,2.448426636733886,0.1,23785.848333254777,30.789985955372035,4
30000,0.04917135802445509,0.0,19841.00157983624,2262.8462668685106,1.0892707275304525,1.6179446673628077,0.21036402956254002,0.47486139909549263,0.5450770550805072,23706.2840335481,30.93758577242214,2
30000,0.04754370404259491,0.0,13708.026923259087,3147.8275915604067,1.0797848378055206,1.1549847563175755,0.3301937301260122,4.612749100435786,0.4568336276477979,23848.25072030677,30.67037351238069,3
30000,0.04907231323230549,0.0,13768.373801867994,3251.4653783392732,1.077715070563069,1.155380511156954,0.32700291678488164,4.579713043255999,0.45381990309427933,23714.83204946519,30.921980017137386,1
30000,0.047685042519023745,0.0,17894.716833216655,18419.787212518,1.1294578957130144,1.1567125340180295,0.4932025543112929,5.0,0.31993027284359177,23835.79594404576,30.69452714006496,6
30000,0.04934684111213834,0.0,3631.952552815197,0.1,2.7785509297478788,1.7140986199034858,0.06371012776464162,1.8851463908122221,0.6615290500936314,23691.167664522996,30.965039216790373,2
30000,0.04729281201828313,6.563693939452933E-14,7871.701543317733,18925.359046762198,1.0,1.096431590873542,0.01,2.0246076538335807,0.11401150717303005,23870.419486603656,30.627025579943922,7
30000,0.0471333040093207,0.0,5410.602943606192,1060.3678740812632,2.9031127917212065,1.2914458064578065,0.4007346725061511,2.093707882811527,0.4544535508728931,23884.553687374577,30.599146759362196,2
30000,0.04838728820476267,0.0,17342.19969319712,5203.079971777014,1.0,2.62670955467957,0.0409386591862514,4.168563981758842,0.837087217174489,23774.273581388712,30.81178843914201,2
30000,0.04842498536415778,0.0,20000.0,18981.122554971353,1.2051529763070024,1.128647835279717,0.4024991064051855,0.1,0.28313465954177813,23770.987861182097,30.817957419115192,1
30000,0.04920976870738847,0.0,17644.761027668526,16436.373820452747,1.0,1.1509738864182937,0.4859686100470489,5.0,0.4603971295900814,23702.972155853324,30.943616267633075,1
30000,0.04930993422270118,0.0,18329.250203492076,0.1,2.37366717451014,2.1652152124691355,0.3246193312666954,4.769802714988727,0.6343363032449126,23694.343843398434,30.959285978597958,2
30000,0.047510191837197686,0.0,18635.277447453554,18791.372042891726,1.1196182864671824,1.1871925663225762,0.5,5.0,0.3234521796328631,23851.207397731574,30.66461860153278,10
30000,0.04927771327206501,0.0,4887.189158852178,661.3447484720809,2.8920480950649545,1.7814987490074585,0.27773359505646006,1.654533798166802,0.5979830220062954,23697.11807467195,30.95425424360432,1
30000,0.04778578530755587,0.0,2797.4562943146975,4937.778191084614,2.485373414823088,1.5691303940298686,0.34159231172174953,0.20789566544488802,0.4650854387023845,23826.933324351918,30.711628012361697,5
30000,0.04924106897032041,0.0,10788.684300810179,15101.100241733298,1.2940345253862084,1.030084564033167,0.2028750987223929,0.10025289447202824,0.12178913497766598,23700.274654697376,30.948521549855865,1
30000,0.04807592458585513,2.198173380411743E-11,17789.34499378961,20000.0,1.190818877416281,1.0,0.41811505973047275,0.5365548886211001,0.18297540865318454,23801.47785800673,30.760351662355138,5
30000,0.04829128883827125,0.0,11956.62976208225,18338.3432480205,1.3768809060918998,1.1497951217366398,0.10985567987582937,0.12553200729897565,0.2209480523032297,23782.64870647569,30.79602184471458,8
30000,0.047919936267785415,0.0,20000.0,19839.312331261437,1.0,1.0,0.39831369693332125,0.21602721069407965,0.10615933364205044,23815.15085156189,30.734252687065982,1
30000,0.04870798418378283,0.0,17456.05436372482,0.1,1.449875954218981,2.282046037665208,0.21624716447816292,4.567240729079994,0.6851825963724243,23746.3759446966,30.863873420939974,2
30000,0.04867532284488785,0.0,14834.45971670172,321.7710257509145,1.3876025140459647,1.9904577514716066,0.2215559212699834,4.955855659827377,0.6904044183839181,23749.21153982536,30.858609483492028,1
30000,0.04910661268761869,0.0,9886.651752070613,15935.194560518714,1.0492005005027383,1.2454418915971277,0.11657824077225042,0.1497431187842247,0.1,23711.870529512777,30.92739344142122,1
30000,0.047203053307273576,0.0,3936.235702719251,218.49330549218783,2.3968382637239016,1.5004124648586736,0.39005118438322656,1.4862927465074116,0.45035861551777634,23878.369273423355,30.611368454576045,7
30000,0.04795387111184246,0.0,19730.31398554945,19906.456123798383,1.0535838220409668,1.051234886837811,0.5,0.22871342986395965,0.22080850315857206,23812.173818022733,30.73994941811898,5
30000,0.04880088800598127,0.0,16876.762612502665,20000.0,1.2312068344175835,1.039935154452391,0.12901046258044785,1.3065047287121783,0.2927522439620055,23738.317195655603,30.87879672691031,9
30000,0.04788813853112407,0.0,16005.95719890775,1912.2447929461123,1.3726125163025726,1.1291195660828053,0.12490667603909333,0.1,0.1,23817.94166909566,30.728905072231562,1
30000,0.048321014533705624,6.565823278564713E-10,7536.51797117406,15906.030930013098,1.4223265547050603,1.1060131424919872,0.01,2.2349778420917605,0.10222173591829184,23780.054211463637,30.8009167336121,2
30000,0.047983245467439636,6.235891349739164E-10,8260.98699977219,15698.810395884057,1.427444246037129,1.0106171590535105,0.022167243803621832,2.215945265414905,0.1,23809.59799904096,30.744875990667804,1
30000,0.04861552207354215,0.0,17468.241956526083,5083.490728212249,1.0,2.1530057331011725,0.03955582037669803,4.199271351567177,0.8303648969709977,23754.40664218235,30.84894783604345,2
30000,0.04804023607843512,6.139347068455176E-10,8325.718301732171,15687.606602218768,1.4210748774734476,1.0108785029356655,0.028830755383951356,2.264009865624601,0.10383079278571643,23804.60350089891,30.754403922697648,1
30000,0.03592963366567242,0.0,678.4764812614352,1009.0605398558143,2.522486561754934,1.18202382699854,0.4626920636784452,2.0784344186083366,0.4572016350815762,24960.667991982034,28.423031820968873,8
30000,0.04874135546787671,0.0,17629.02762245165,0.1,1.3956148784529863,2.2825364470944347,0.22267591136235498,4.8699304483193355,0.6941782565070657,23743.480033092896,30.86924236303482,1
30000,0.048643432816841456,0.0,10522.987799191384,19170.58433806642,1.2316799795832243,1.0012916518851231,0.01,1.7628209829023747,0.3290178811398841,23751.981404629336,30.85346103220849,3
30000,0.048768097741812816,0.0,12218.410275670421,10974.439590998285,1.0893324920898189,1.4734480318184786,0.15181872090809095,0.40665299342767214,0.13602412542419,23741.160339570528,30.873537948503696,1
30000,0.035867325936105456,0.0,19958.314629248194,8082.520764895984,1.1070514119163097,2.862446010341581,0.28533318116482276,4.695927246577952,0.7404834537615809,24967.143255439973,28.422638174945728,13
30000,0.04723135967017042,0.0,4298.834514863771,9719.415809678818,1.0044915609871383,1.0668810930247363,0.4491286099362944,4.874992497939698,0.6066028771256742,23875.86115654602,30.61631465698704,1
30000,0.0359541445513873,0.0,4153.276263846972,645.3252218951214,2.4958488279118383,1.1568964152941608,0.47175583018993245,1.5135817289957691,0.3711382074263143,24958.122310447245,28.423289794668754,10
30000,0.048923240375161645,0.0,19404.597438733028,19024.891030013474,1.0095294207595733,1.160880409926531,0.4957540549374009,5.0,0.4612798228981998,23727.719738964974,30.898339007131913,3
30000,0.04801511104588775,0.0,20000.0,7035.641352084259,1.0368593512152757,2.7689695951550304,0.25272337514898546,5.0,0.6315360725405775,23806.80489894654,30.750203138635815,1
30000,0.048986946604465675,0.0,13396.161071643814,12920.6504931387,1.1437438222095824,1.6769062871445515,0.18006199803703804,0.1,0.1330440111910971,23722.2089481933,30.908464572975713,2
30000,0.04706927843548775,0.0,2592.7834343442796,3223.7679038755336,2.997837987659585,1.4340221624850118,0.397531645833866,1.496974705362608,0.4348536923768236,23890.235863643604,30.587885415632698,6
30000,0.048557305924760506,0.0,19881.386069988454,7836.6683405827835,1.107113797301829,1.4428628292922514,0.118704591124067,0.1,0.47484530628157995,23759.468203424123,30.839512583029375,1
30000,0.04775392741441506,0.0,14261.061143910974,0.1,1.0552398766390771,1.165799459222786,0.4022060648710161,4.801543669625978,0.48735431433876175,23829.73461541738,30.706230506712444,1
30000,0.04740399175782488,0.0,2494.2481863717258,5519.382468682294,3.0,1.3733006355991262,0.5,0.2774408005132122,0.47285908478259087,23860.586165757843,30.646309926561347,2
30000,0.04903595553337581,0.0,18904.475527610964,14773.436219696878,1.0506923942695408,1.0380486589556999,0.4970360660388283,4.923629929416367,0.43148330207542984,23717.97281372823,30.916231154902825,1
30000,0.048861585687896426,0.0,14497.949649066184,14774.961043750798,1.0,1.0,0.5,4.903959932527139,0.4576410196436821,23733.057677035984,30.88850718878489,2
30000,0.048181570022014474,0.0,20000.0,19803.322449151736,1.3031607415343014,1.0667914679283075,0.40911137667332576,0.1,0.14859397541598296,23792.234347003632,30.77790149824641,9
30000,0.04852380442791729,0.0,20000.0,4843.809290397809,1.0735335194846463,1.6993036604531495,0.1918845631888424,0.1,0.5656022308777845,23762.382811380325,30.8340695878701,3
30000,0.03922922348236044,0.006657114615004659,19949.024195203,0.1,1.0,1.461943790367627,0.11476411561679412,0.12050841925943413,0.4576275571716589,23894.084797900276,28.891169050285036,1
30000,0.047330599061485956,0.0,19935.52671996167,15338.330718412673,1.213317217788083,1.0975384283900231,0.04764670606266694,1.9829040011001353,0.4564741999258659,23867.075703208397,30.63359334049692,3
30000,0.04849113755826796,0.0,9100.030491940923,11033.713361159505,1.0871832100859964,1.0803352687941283,0.1517709075019248,0.1,0.1,23765.226105658254,30.828752790263298,6
30000,0.04736780668237367,1.8012459656324352E-10,4073.4636192028765,4359.697161525138,2.9133624671689518,1.4178692259353844,0.2683301828536744,1.8546575707986226,0.4897340425364817,23863.784903702224,30.640047977578817,1
30000,0.04883114157142712,0.0,20000.0,18913.711014854187,1.2101205212838295,1.0,0.43457850708580037,3.964804248592942,0.3827795829851759,23735.695141618897,30.883640603424958,1
30000,0.04822026178768813,0.0,20000.0,19782.01722379359,1.2447561653922872,1.0644973146733137,0.41595379656905357,0.12215216014271804,0.15678596310660825,23788.8523624141,30.78430384887724,1
30000,0.04772000806898254,0.0,20000.0,7261.6820039185495,1.0,2.774061431910702,0.25691870185655336,5.0,0.6389464133710817,23832.718528962083,30.700473277182212,4
30000,0.04821502188715959,4.1240655039680314E-11,20000.0,17687.128692706145,1.0,1.0145833616176474,0.11831155987551778,0.1,0.39146103970196966,23789.310268117835,30.783437843807846,1
30000,0.047440048308358754,0.0,17484.365270532664,19690.30567997984,1.3457576697612432,1.0,0.4146959596946941,1.9270572924485085,0.17960145587644125,23857.400384384753,30.652538208475704,1
30000,0.04733920384445081,0.0,7343.817701841387,20000.0,1.0,1.0958172685174539,0.027543380570977785,1.992177850941299,0.11264063313272427,23866.3145087382,30.635086986206446,1
30000,0.04814228243148729,0.0,19866.174203681123,7720.27506077902,1.1042148670367844,1.6002972264380613,0.1224436284329262,0.2099789780796926,0.5377719666245726,23795.670262271706,30.77138677154772,2
30000,0.047857909919796555,0.0,19999.999999999996,19680.30844196032,1.2973640233149442,1.0,0.444748286604807,1.1691513059817327,0.1,23820.595906003415,30.723812667189105,1
30000,0.04738276165772352,0.0,19652.5063244495,7366.756876549624,1.1380225692686994,2.8116224159295755,0.2753459398498189,5.0,0.6365759440988547,23862.46269818426,30.642636820086715,2
30000,0.047438148181147236,0.0,17983.01231623242,20000.0,1.346199724382487,1.0,0.3753147365296053,1.4262177317110984,0.1834177413430641,23857.5682306853,30.652210301131415,1
30000,0.04845625684436801,0.0,9418.256226452108,19004.646765705747,1.2652464940754236,1.0,0.01,1.912818252054593,0.33113280146093677,23768.263506903917,30.82306538641279,2
30000,0.04810655085275273,0.0,19058.777498200576,1724.9068029973832,1.534535813456276,2.8246081641841063,0.3643339038219772,4.1814553011462205,0.8573855411351299,23798.796805015212,30.7654496024078,1
30000,0.04716817408712582,0.0,20000.0,17213.461147015896,1.127456232478797,1.072776950384017,0.07263607759974024,1.9425544381177722,0.4564760432655648,23881.461138636154,30.605262833693384,1
30000,0.048111918108050655,4.191007931270938E-11,20000.0,17674.53494508988,1.0,1.0,0.11794865527059424,0.23136279341391713,0.4810313189483749,23798.327067510458,30.76634242818933,1
30000,0.048893196899579425,0.0,18336.525653875957,20000.0,1.0,1.1168698114025803,0.5,4.996545337946448,0.48682966556888974,23730.320275278427,30.89355208271213,1
30000,0.04716863417654346,0.0,5796.362324538172,1057.1871869387664,3.0,1.4087649094898667,0.4028349942122996,1.9957108423907854,0.4559721436387141,23881.42034432747,30.605343450919847,3
30000,0.04835314954533354,0.0,17664.482030764324,5198.502994354347,1.0388460336015504,2.629341541279124,0.05237578710628623,3.382075315780708,0.8303822865997564,23777.250615689823,30.806190979500357,2
30000,0.04858209317863835,1.5167578816305933E-11,18805.71376012768,5617.452419332071,1.4920421093383192,2.79679425968785,0.32439747783004397,4.746479937391787,0.7818246048055745,23757.312596346,30.843533598658663,1
30000,0.048461404279960055,0.0,9040.59387581901,11234.89824151711,1.0874879103650648,1.0767478208175705,0.15612320967645205,0.1,0.10004219508710566,23767.81517786994,30.82390536053141,1
30000,0.04895867206061019,0.0,20000.0,19743.93852472319,1.2973146333352688,1.0,0.4308945025979086,0.346476518892176,0.1,23724.65418836463,30.903974750383913,2
30000,0.04710007982762019,0.0,17889.835618097983,18362.378604573936,1.133008768264026,1.1637259651604444,0.5,5.0,0.3234122688192425,23887.501655737804,30.593308120758145,1
30000,0.04835603115716396,0.0,17357.858756067595,5219.553037951034,1.0,2.6200528016258584,0.03912366105216342,4.3223626549331575,0.8288496229052756,23776.99927280792,30.80666385379114,4
30000,0.04913831676268458,0.0,9851.465419894806,16067.913110382005,1.1263466927200425,1.2542987474980551,0.14136537149209363,0.18241669055648996,0.13819188786133946,23709.134347629675,30.932388644968853,3
30000,0.04850556481376636,0.0,16981.38850210812,20000.0,1.2263730073692303,1.0,0.11861061577918505,1.1716116316671112,0.32163268722022,23763.970212507214,30.83110208981113,1
30000,0.04816184269068026,0.0,20000.0,20000.0,1.4313774465620241,1.046928994410291,0.40785637084444376,0.1,0.1585464746811727,23793.95937716309,30.77463202232351,1
30000,0.047262155955900276,0.0,12517.1132803546,20000.0,1.5622506361915613,1.1598390535971868,0.013454957174470714,0.1,0.22666633971161967,23873.1335341081,30.621686976754308,1
30000,0.04888735104949715,0.0,18336.87925469891,20000.0,1.0,1.1575632832918379,0.5,5.0,0.46395436482003394,23730.826412063798,30.892619764962944,2
30000,0.04913694443408653,0.0,19912.014380407803,20000.0,1.219821416746935,1.0295847999989725,0.4348009560302347,3.9128552308628217,0.352496064131847,23709.252760034447,30.932172595424444,1
30000,0.04709918313849934,0.0,2318.3824908372635,3332.6766886148293,2.987522432767506,1.4190817195210021,0.4020199942844199,1.5611586531494939,0.4499288230075964,23887.581237416383,30.593150389007917,2
30000,0.047260920366581756,1.7268534119604723E-10,4112.368410989099,5074.186732148498,3.0,1.3714662307411079,0.26973619709013963,1.7627684336192853,0.4973847660459959,23873.242948907802,30.621472776055505,1
30000,0.04704369190292342,7.77838647656512E-10,8904.177038662532,15706.684495748295,1.3980613510153006,1.0112190089894566,0.014101254677062799,2.555975632511113,0.14374602199196013,23892.50804698471,30.58337883495619,1
30000,0.04785831141329969,0.0,20000.0,20000.0,1.0,1.0,0.5,0.5488120170204449,0.2330992772595315,23820.560645413305,30.723880359567083,2
30000,0.049016336240470915,0.0,10869.114447935592,15866.367078691848,1.0618884096890253,1.0345221167164254,0.20683050114035426,0.10358183381359137,0.10182679404611314,23719.668282828356,30.913124421247577,1
30000,0.04884108902106324,0.0,14446.806145158553,14372.432149393362,1.0,1.0,0.5,4.723574370203228,0.4550108044487703,23734.833242571694,30.885231593249983,1
30000,0.04773006690542905,0.0,17829.281364207458,4364.30260686324,1.1291528699317344,1.3729873537647155,0.5,0.29585785268420617,0.9,23831.833498550874,30.7021817204572,1
30000,0.035853528678219934,0.0,20000.0,6951.578293532379,1.0955157730050962,2.9138223055839587,0.2702265728390074,4.447894179573165,0.9,24968.577903506233,28.422601816420915,1
30000,0.04858043609006335,0.0,17602.044052697624,0.1,1.471590342945489,2.305505975208346,0.2078130002406982,4.602015805675696,0.688552261896316,23757.456680836436,30.843264863234868,1
30000,0.03584547258313733,0.0,11838.812179356555,18079.320318490772,1.9755240091160062,2.4043314852195437,0.5,0.1,0.1,24969.41571297712,28.422589093618328,1
30000,0.04814923150013567,0.0,19857.878583228794,6581.442529465217,1.1096175360551475,1.6776747981307742,0.08404668245371061,0.1,0.5414169285256866,23795.06239230804,30.77254008990736,1
30000,0.04901745900140771,0.0,9938.912588207884,16417.49141063909,1.057979934316732,1.24754857696179,0.11628481232604168,0.1,0.1,23719.571243183735,30.913302297518925,1
30000,0.047038521662902726,0.0,3642.854495648263,5578.1530957485165,2.9499473440015214,1.3795730377074933,0.4992701937126037,0.32573481181351543,0.4716523347467614,23892.967275596682,30.58246109669728,1
30000,0.04772408656249505,0.0,20000.0,7313.192650373833,1.0,2.7502791921086462,0.2486316540198205,5.0,0.6637600246152519,23832.35966637097,30.70116610369422,1
30000,0.04703913642391493,0.0,3811.0670276148267,5632.954277821869,3.0,1.3822840196720247,0.5,0.2772739767470058,0.4731378647851089,23892.912669205856,30.5825696098881,1
